bit, value, max detected freq, mag
1,0,57000.00000000001,8107.653116973005
2,1,76200.0,4361.269051299398
3,0,52000.00000000001,8495.967895579128
4,0,52200.0,10021.296183827817
5,1,76000.0,4796.60963069102
6,0,52000.00000000001,7583.384495478824
7,0,51800.00000000001,10569.995556205595
8,1,76000.0,3821.7259006928857
9,0,57000.00000000001,6957.738407068703
10,1,76000.0,4177.599242806207
11,0,57200.0,5765.514497771521
12,0,57000.00000000001,11248.417592334463
13,1,76000.0,3520.0093900127445
14,0,57200.0,5252.983048201848
15,0,57000.00000000001,9665.561693117814
16,1,76000.0,3034.543892010204
17,0,52200.0,6321.526331720608
18,1,76000.0,3229.192613919927
19,0,57200.0,4492.456870820688
20,0,57000.00000000001,11073.865007014656
21,1,76200.0,2498.211779743255
22,0,52200.0,4476.918918226662
23,0,57200.0,10110.956624146871
24,0,57000.00000000001,2600.4376114929255
25,0,57000.00000000001,3774.1764618944135
26,0,52400.0,2999.5510084637353
27,0,57000.00000000001,2878.584914544652
28,0,51800.00000000001,10006.599775338094
29,0,52200.0,2819.4868356352326
30,0,57000.00000000001,2938.4309217909195
31,0,57000.00000000001,8898.33212914101
32,0,57200.0,3391.3547208233476
33,1,76000.0,2337.8869973416067
34,0,52200.0,4138.625467785538
35,1,76000.0,2230.306548039201
36,0,57000.00000000001,10889.645361189814
37,0,57200.0,4648.668204227595
38,1,76000.0,2838.9699418422383
39,0,57000.00000000001,9414.96429160209
40,0,57000.00000000001,5391.3313681104155
41,1,76000.0,2873.568555021058
42,0,51600.0,6092.63244455448
43,1,76000.0,3374.923635144731
44,0,57000.00000000001,12054.526219346955
45,0,57000.00000000001,6210.1266204444255
46,1,76000.0,3547.35219408023
47,0,57200.0,8804.743445773409
48,0,57000.00000000001,7597.326963077316
49,1,76000.0,4452.438912404697
50,0,52000.00000000001,7942.762205625602
51,1,76000.0,4633.593863713269
52,0,57000.00000000001,9809.141650770463
53,0,52000.00000000001,9575.722392758518
54,1,76000.0,4383.24598875439
55,0,57000.00000000001,10896.811858036908
56,0,57000.00000000001,7783.995804135932
57,1,76200.0,4471.4074460828115
58,0,57000.00000000001,9687.300287252527
59,1,76000.0,5398.7351141873505
60,0,57000.00000000001,10982.242522648752
61,0,57000.00000000001,9007.644153423786
62,1,76200.0,4433.096252048407
63,0,57000.00000000001,9727.780735891865
64,0,52200.0,10522.498239891009
65,1,76000.0,4780.029613160522
66,0,57000.00000000001,8403.810519423549
67,1,76000.0,4816.4993793087015
68,0,57000.00000000001,11865.08921191555
69,0,57200.0,11556.977987511955
70,1,76000.0,5020.354771477149
71,0,57000.00000000001,9266.528382975248
72,0,57000.00000000001,10350.771157986474
73,1,76000.0,5014.545206695331
74,0,57200.0,9389.96734775945
75,1,76000.0,5932.975918676629
76,0,57200.0,11412.364900059481
77,0,57000.00000000001,8955.062996062206
78,1,76000.0,6456.5850574241795
79,0,57000.00000000001,11874.494405758755
80,0,57000.00000000001,10926.382427031427
81,1,76000.0,6606.780488504506
82,0,57200.0,10804.90585068401
83,1,76000.0,4668.6054581802355
84,0,52200.0,9250.033982045672
85,0,57000.00000000001,8727.268145519469
86,1,76000.0,5476.064467721175
87,0,57000.00000000001,8007.787166837979
88,0,57200.0,9869.698419255234
89,1,76000.0,6184.601013691216
90,0,57000.00000000001,10406.850430810293
91,1,76000.0,4677.241886143427
92,0,57200.0,8594.664218362683
93,0,57000.00000000001,10285.25085369918
94,1,76000.0,6279.090415520633
95,0,57000.00000000001,10590.900701354896
96,0,57000.00000000001,11692.098426324817
97,1,76000.0,5752.582180089785
98,0,52200.0,10189.989253227333
99,1,76000.0,6047.828498110592
100,0,57000.00000000001,10435.506304226274
101,0,52200.0,8469.767344420437
102,1,76000.0,4791.230143442826
103,0,57200.0,9652.823262292146
104,0,57000.00000000001,8426.607336099045
105,1,76000.0,4403.805601154234
106,0,57000.00000000001,9324.364323829439
107,1,76000.0,5211.4863365211995
108,0,52200.0,10290.930356505674
109,0,57200.0,10472.474196387624
110,1,76000.0,4958.923982517683
111,0,57000.00000000001,10110.524019171236
112,0,57000.00000000001,8418.605746455198
113,1,76000.0,4216.760277981529
114,0,52000.00000000001,8525.921281002142
115,1,76000.0,3723.196313430822
116,0,57200.0,6837.372737117481
117,0,57200.0,10180.33256547463
118,1,76000.0,3749.4199800530455
119,0,57200.0,6395.826713310697
120,0,57200.0,11872.058445788043
121,1,76000.0,3611.1688964043906
122,0,57200.0,6428.276755714927
123,1,76000.0,2820.3329553143158
124,0,52200.0,5231.953308814091
125,0,57200.0,7537.18667998326
126,1,76000.0,3462.081799793306
127,0,52000.00000000001,5718.202186016806
128,0,52200.0,8636.034574707346
129,0,57000.00000000001,1940.7588760856574
130,0,57200.0,5320.473649334275
131,1,76000.0,2267.784555568314
132,0,57200.0,3821.692820015045
133,0,57000.00000000001,11929.041298192147
134,0,57000.00000000001,2322.723738607897
135,0,52200.0,3166.9422550617246
136,0,57000.00000000001,10834.635848824506
137,0,57200.0,2899.4549420716476
138,0,57000.00000000001,2431.5902212794476
139,0,52200.0,3095.1864259492495
140,0,57000.00000000001,2352.309605204822
141,0,57200.0,8781.914216187422
142,0,51800.00000000001,3735.5245976712813
143,1,76000.0,2205.7208495488094
144,0,57200.0,8167.049586707908
145,0,57200.0,4700.78930379965
146,1,76000.0,2866.3969238181894
147,0,57000.00000000001,5190.880903141109
148,1,76000.0,2857.268668104721
149,0,57000.00000000001,7915.359997422309
150,0,52200.0,5285.69160787624
151,1,76200.0,3380.945727969043
152,0,57000.00000000001,10219.613585985424
153,0,57200.0,5628.928802364062
154,1,76000.0,3408.512741833164
155,0,57000.00000000001,7446.23564675271
156,1,76200.0,3845.069745287017
157,0,52200.0,9664.684629055264
158,0,57000.00000000001,8287.79536511693
159,1,76200.0,3516.110110473435
160,0,52000.00000000001,11008.633853863714
161,0,57200.0,7965.889421159497
162,1,76000.0,4053.5689496648392
163,0,57000.00000000001,8821.634606970685
164,1,76000.0,4664.212753271839
165,0,57000.00000000001,10647.732620267183
166,0,57200.0,8557.275977439287
167,1,76000.0,6045.336363265007
168,0,57000.00000000001,9873.227375849847
169,0,57000.00000000001,9438.633511264161
170,1,76000.0,6018.607480122407
171,0,57000.00000000001,9831.59744464213
172,1,76000.0,5214.543680704021
173,0,57000.00000000001,11095.785673808878
174,0,57200.0,10610.02351993202
175,1,76000.0,6148.170085038516
176,0,57200.0,8176.3788236336795
177,0,57000.00000000001,10689.065577739902
178,1,76000.0,5134.3031334377665
179,0,57000.00000000001,8583.830710789074
180,1,76000.0,5670.87131746134
181,0,57200.0,8480.804975655316
182,0,57000.00000000001,9399.652907394975
183,1,76000.0,5353.781924926558
184,0,57000.00000000001,10200.071389712886
185,0,57000.00000000001,10227.554089517964
186,1,76000.0,5290.065360961222
187,0,52200.0,10651.505041883995
188,1,76000.0,4920.647122121556
189,0,51800.00000000001,9888.358609352024
190,0,57000.00000000001,12439.570739450737
191,1,76000.0,6376.168114755484
192,0,57200.0,9739.220187797346
193,0,57200.0,10695.831287637304
194,1,76000.0,4995.47020194877
195,0,57000.00000000001,10569.236444839917
196,1,76000.0,6894.403729396579
197,0,51800.00000000001,10707.718474437741
198,0,57000.00000000001,7839.024514425182
199,1,76000.0,5165.119875326908
200,0,57000.00000000001,9104.134770309047
201,0,52000.00000000001,10134.093773932662
202,1,76000.0,5896.369442792945
203,0,57000.00000000001,9132.150942568
204,1,76000.0,6149.242323778208
205,0,57000.00000000001,9672.582635169518
206,0,57200.0,10315.183246057575
207,1,76000.0,5473.944705181482
208,0,57000.00000000001,10422.202707336573
209,0,52200.0,11213.387630111523
210,1,76000.0,3786.317310009044
211,0,51800.00000000001,8911.706218061701
212,1,76000.0,4432.805342333339
213,0,57000.00000000001,8822.351486440253
214,0,57200.0,9306.9078779976
215,1,76000.0,5026.782393762169
216,0,57200.0,7828.640203020199
217,0,57000.00000000001,9386.855208995705
218,1,76200.0,3909.346040735924
219,0,57000.00000000001,9455.905420171852
220,1,76000.0,5638.790908757953
221,0,57000.00000000001,8819.98847995875
222,0,52200.0,11181.756005418487
223,1,76000.0,3433.7219743043165
224,0,57000.00000000001,8634.977570356916
225,0,57200.0,9111.12899438135
226,1,76000.0,3819.187368362323
227,0,57000.00000000001,7412.333757900011
228,1,76000.0,3150.1276333863134
229,0,57000.00000000001,7720.493535969015
230,0,57000.00000000001,9800.577680593007
231,1,76000.0,3887.3947824617217
232,0,51800.00000000001,6104.357266263876
233,0,57200.0,9183.772484062338
234,1,76000.0,2871.7670202699946
235,0,52200.0,4990.706101531274
236,1,76000.0,2513.335779973905
237,0,57200.0,4121.772456787545
238,0,57000.00000000001,9896.392687238536
239,1,76000.0,2631.8346358301737
240,0,52000.00000000001,3892.7159340600674
241,0,51800.00000000001,11345.638081281788
242,0,57000.00000000001,2497.9721903906266
243,0,52000.00000000001,2961.9007361724407
244,0,57000.00000000001,2852.987087121778
245,0,57000.00000000001,3417.0676611838526
246,0,51800.00000000001,8846.355454113274
247,0,57200.0,3128.1130777860176
248,0,57200.0,2325.622948478205
249,0,57000.00000000001,11361.662596641341
250,0,57000.00000000001,3970.812034485
251,0,57000.00000000001,2056.323629008501
252,0,57200.0,3579.8021803811102
253,1,76000.0,2446.174498629205
254,0,57200.0,9448.514217552802
255,0,51800.00000000001,4606.151410371262
256,1,76000.0,3038.8795687816737
Recorded Data
0100100101001001010010000000000010100100101001001010010010100100101001001010010010100100101001001010010010100100101001001010010000100000000000100101001001010010010100100101001001010010010100100101001001010010010100100101001001010010010100100000000000001001