bit, value, max detected freq, mag
1,1,77200.0,38447.491420606486
2,0,57200.0,11486.190693494382
3,1,77200.0,41222.857783026106
4,1,77200.0,53958.75641057121
5,0,57200.0,12434.53064250985
6,1,77200.0,41287.68737774584
7,1,77200.0,52991.103723846725
8,0,57200.0,11614.207530980906
9,1,77200.0,39936.65479537047
10,0,57200.0,11946.279487770997
11,1,77200.0,38921.32748277354
12,1,77200.0,50957.65778689346
13,0,57200.0,12669.21345544982
14,1,77200.0,39839.11246971524
15,1,77200.0,52546.48081515249
16,0,57200.0,13809.956583897238
17,1,77200.0,42578.1693890914
18,0,57200.0,13682.71785142933
19,1,77200.0,41804.591181104115
20,1,77200.0,54246.35602204851
21,0,57200.0,13595.53009873431
22,1,77200.0,41317.54449693697
23,1,77200.0,54349.538551518526
24,0,57200.0,13156.453659213033
25,1,77200.0,41059.34631936122
26,0,57200.0,12994.905306422246
27,1,77200.0,39701.589703194135
28,1,77200.0,51926.98790483341
29,0,57200.0,11927.602012879805
30,1,77200.0,38803.98959781437
31,1,77200.0,51556.01390946578
32,0,57200.0,12155.620306236802
33,1,77200.0,40827.6102737825
34,0,57200.0,12507.6435026172
35,1,77200.0,40590.41188413989
36,1,77200.0,53779.09128918567
37,0,57200.0,12138.190619091123
38,1,77200.0,42249.502229817874
39,1,77200.0,54413.958386704864
40,0,57200.0,12855.674927082611
41,1,77200.0,43006.654438734964
42,0,57200.0,13291.238207631583
43,1,77200.0,41254.334030413476
44,1,77200.0,51588.5303431356
45,0,57200.0,13815.082868119196
46,1,77200.0,39015.08442048156
47,1,77200.0,51278.89596768738
48,0,57200.0,13494.319140896623
49,1,77200.0,38761.13349398202
50,0,57200.0,13366.268411569297
51,1,77200.0,38344.19222884341
52,1,77200.0,51762.03244682133
53,0,57200.0,13115.898237303527
54,1,77200.0,38987.40684421676
55,1,77200.0,53570.59806289358
56,0,57200.0,11949.27554314959
57,1,77200.0,40586.70991711969
58,0,57200.0,12742.106163421526
59,1,77200.0,41388.4221316786
60,1,77200.0,53569.07409149068
61,0,57200.0,11572.57173547871
62,1,77200.0,41722.05336593862
63,1,77200.0,51592.395271413545
64,0,57200.0,12047.218421208674
65,1,77200.0,38842.35861492367
66,0,57200.0,12525.2683538766
67,1,77200.0,39142.728752645104
68,1,77200.0,50531.055097424985
69,0,57200.0,13431.333183579643
70,1,77200.0,41843.42443319257
71,1,77200.0,54044.88282624498
72,0,57200.0,13610.638745829683
73,1,77200.0,42317.86727385946
74,0,57200.0,13843.069688749929
75,1,77200.0,42152.477861079286
76,1,77200.0,54299.55492074214
77,0,57200.0,13328.659223136856
78,1,77200.0,41560.48258574467
79,1,77200.0,53493.54336578406
80,0,57200.0,13483.92382066757
81,1,77200.0,39623.61156974331
82,0,57200.0,12418.988408740946
83,1,77200.0,38775.08450444158
84,1,77200.0,51382.6119717296
85,0,57200.0,12925.676881015173
86,1,77200.0,39031.12550089914
87,1,77200.0,51959.47129896284
88,0,57200.0,12452.333421404986
89,1,77200.0,40676.70085148625
90,0,57200.0,12072.311350756398
91,1,77200.0,41275.80529281232
92,1,77200.0,54576.53787126961
93,0,57200.0,12558.045847403724
94,1,77200.0,42728.86888535184
95,1,77200.0,53932.236912925786
96,0,57200.0,12570.615762098398
97,1,77200.0,40948.31307496935
98,0,57200.0,13484.221875225363
99,1,77200.0,39735.379264396004
100,1,77200.0,50059.53480774097
101,0,57200.0,13211.209702412634
102,1,77200.0,38468.46316955722
103,1,77200.0,51888.13969405467
104,0,57200.0,13014.704339273718
105,1,77200.0,40449.87446368038
106,0,57200.0,13169.540928898527
107,1,77200.0,40164.30934661421
108,1,77200.0,53610.21739304315
109,0,57200.0,12328.63552089058
110,1,77200.0,40302.60698400928
111,1,77200.0,53055.81238010558
112,0,57200.0,12106.57343068011
113,1,77200.0,38963.584296264395
114,0,57200.0,12306.273257350544
115,1,77200.0,40591.582699614926
116,1,77200.0,51043.957029197525
117,0,57200.0,11839.531712021428
118,1,77200.0,39057.09096220479
119,1,77200.0,50178.54481506867
120,0,57200.0,12316.20751475403
121,1,77200.0,40146.576606590126
122,0,57200.0,12248.29452632436
123,1,77200.0,40687.04035107454
124,1,77200.0,52230.349312452745
125,0,57200.0,13649.552365844384
126,1,77200.0,42667.01227184889
127,1,77200.0,54122.452140215464
128,0,57200.0,14169.949601709648
129,1,77200.0,40659.186497604
130,0,57200.0,13768.196699060121
131,1,77200.0,40314.72091696398
132,1,77200.0,52256.83755669907
133,0,57200.0,13361.095606689687
134,1,77200.0,38564.86810545398
135,1,77200.0,50287.482060681155
136,0,57200.0,12727.207738561223
137,1,77200.0,37501.345422452425
138,0,57200.0,11896.557649428098
139,1,77200.0,38125.716975012154
140,1,77200.0,50297.35383498513
141,0,57200.0,12526.987353676624
142,1,77200.0,40410.58883503552
143,1,77200.0,52565.89636849529
144,0,57200.0,11665.618761494281
145,1,77200.0,41167.31717555878
146,0,57200.0,12776.651391690844
147,1,77200.0,42141.716558593456
148,1,77200.0,53738.15872412739
149,0,57200.0,13007.146803121741
150,1,77200.0,42625.31499608445
151,1,77200.0,52796.36693825721
152,0,57200.0,13592.846404387627
153,1,77200.0,39441.51368562168
154,0,57200.0,13904.93692035079
155,1,77200.0,38616.15146317169
156,1,77200.0,50027.438474092516
157,0,57200.0,13696.23197335783
158,1,77200.0,37597.69118188465
159,1,77200.0,52697.516950828576
160,0,57200.0,13335.996994099329
161,1,77200.0,40191.188926418734
162,0,57200.0,13099.395311987828
163,1,77200.0,40964.65861271344
164,1,77200.0,53734.104924655476
165,0,57200.0,12769.463802024255
166,1,77200.0,40730.037969907164
167,1,77200.0,51807.88092132731
168,0,57200.0,12719.944989517573
169,1,77200.0,40532.13782503959
170,0,57200.0,12473.516277127186
171,1,77200.0,40355.618655170896
172,1,77200.0,51668.524901580495
173,0,57200.0,11860.478936017476
174,1,77200.0,39591.180750356885
175,1,77200.0,52684.05806527505
176,0,57200.0,12936.997233317059
177,1,77200.0,43403.20413785777
178,0,57200.0,12693.897099403055
179,1,77200.0,42817.3197901495
180,1,77200.0,54081.71271178161
181,0,57200.0,14425.583012475343
182,1,77200.0,39569.11308547959
183,1,77200.0,50716.33809116488
184,0,57200.0,13816.267080139178
185,1,77200.0,38489.88293679522
186,0,57200.0,13925.224552446853
187,1,77200.0,37700.61435465803
188,1,77200.0,49890.299269770934
189,0,57200.0,12635.256436868882
190,1,77200.0,38227.956369046646
191,1,77200.0,52680.88907437571
192,0,57200.0,12046.541783101544
193,1,77200.0,41209.98852528057
194,0,57200.0,12833.769177264441
195,1,77200.0,41007.77661651911
196,1,77200.0,54298.54190630455
197,0,57200.0,11796.151577628323
198,1,77200.0,42796.493861359806
199,1,77200.0,54143.015107362815
200,0,57200.0,12026.117660405578
201,1,77200.0,42162.71847737458
202,0,57200.0,12547.148226197516
203,1,77200.0,41943.683958597765
204,1,77200.0,50237.83908200505
205,0,57200.0,12778.744292928732
206,1,77200.0,39840.222755439994
207,1,77200.0,50926.93635920624
208,0,57200.0,13832.911911162977
209,1,77200.0,40067.834873127154
210,0,57200.0,13667.255407126066
211,1,77200.0,40123.414967851975
212,1,77200.0,53668.54115342685
213,0,57200.0,13782.09169933816
214,1,77200.0,41098.376059184164
215,1,77200.0,53737.96435552806
216,0,57200.0,12886.609070071456
217,1,77200.0,40904.333535206344
218,0,57200.0,12375.072491954379
219,1,77200.0,41833.16598461528
220,1,77200.0,52495.011908274566
221,0,57200.0,13054.774144758478
222,1,77200.0,41424.803329413946
223,1,77200.0,51577.40076204076
224,0,57200.0,12448.17724225945
225,1,77200.0,40430.73842283476
226,0,57200.0,11946.163969432375
227,1,77200.0,40307.421732999275
228,1,77200.0,51170.395991832454
229,0,57200.0,12760.163450908878
230,1,77200.0,41784.54537692459
231,1,77200.0,53837.32183926822
232,0,57200.0,12665.111415800875
233,1,77200.0,42476.238931351494
234,0,57200.0,13278.117509966612
235,1,77200.0,41307.35491049108
236,1,77200.0,53556.665755862836
237,0,57200.0,13895.967539129626
238,1,77200.0,40201.26322556754
239,1,77200.0,52557.53654420882
240,0,57200.0,14076.35262600638
241,1,77200.0,40357.52588091687
242,0,57200.0,13988.28656884583
243,1,77200.0,38934.77520136899
244,1,77200.0,50635.61277842236
245,0,57200.0,12839.905072790996
246,1,77200.0,38363.942221083285
247,1,77200.0,51789.42130849844
248,0,57200.0,11991.664282758886
249,1,77200.0,41985.72578430715
250,0,57200.0,12114.884329236853
251,1,77200.0,42018.49063528882
252,1,77200.0,54029.00897025244
253,0,57200.0,12010.008344935504
254,1,77200.0,42426.87247714019
255,1,77200.0,52821.50756963172
256,0,57200.0,12500.902143503667
Recorded Data
1011011010110110101101101011011010110110101101101011011010110110101101101011011010110110101101101011011010110110101101101011011010110110101101101011011010110110101101101011011010110110101101101011011010110110101101101011011010110110101101101011011010110110