bit, value, max detected freq, mag
1,0,54487.179487179485,43076.795433976215
2,0,54487.179487179485,42092.09673444531
3,0,54487.179487179485,41676.73054653349
4,0,54487.179487179485,43814.28735209999
5,0,54487.179487179485,42737.3564724917
6,0,54487.179487179485,44058.42713682935
7,0,54487.179487179485,41257.648941918815
8,0,54487.179487179485,44086.470900227505
9,0,54487.179487179485,43541.48996409431
10,0,54487.179487179485,39939.395665506505
11,0,54487.179487179485,44969.601126418944
12,0,54487.179487179485,43173.93192252101
13,0,54487.179487179485,43706.34336043799
14,0,54487.179487179485,43775.46491128047
15,0,54487.179487179485,44277.104413004
16,0,54487.179487179485,44305.09364301056
17,0,54487.179487179485,44913.04664641611
18,0,54487.179487179485,42718.92260000288
19,0,54487.179487179485,43910.27620258792
20,0,54487.179487179485,43974.10334988644
21,0,54487.179487179485,44973.69525459549
22,0,54487.179487179485,41976.922976528695
23,0,54487.179487179485,43951.28062375873
24,0,54487.179487179485,41415.40319431627
25,0,54487.179487179485,42398.91928915919
26,0,54487.179487179485,43208.474953169934
27,0,54487.179487179485,40192.842089321224
28,0,54487.179487179485,43660.01166056152
29,0,54487.179487179485,44343.62247282979
30,0,54487.179487179485,42703.34239644368
31,0,54487.179487179485,42252.20533953172
32,0,54487.179487179485,39333.46617727786
33,0,54487.179487179485,43850.43010779578
34,0,54487.179487179485,45032.094278106255
35,0,54487.179487179485,45142.95243409282
36,0,54487.179487179485,43923.49358890692
37,0,54487.179487179485,44435.121512954276
38,0,54487.179487179485,43168.04334061776
39,0,54487.179487179485,44862.06250919156
40,0,54487.179487179485,43955.2816281603
41,0,54487.179487179485,42050.49030781066
42,0,54487.179487179485,44598.46961226319
43,0,54487.179487179485,43663.38506450833
44,0,54487.179487179485,44453.525755629686
45,0,54487.179487179485,44617.22057610216
46,0,54487.179487179485,44346.4909189415
47,0,54487.179487179485,44447.6553745481
48,0,54487.179487179485,43734.85630868882
49,0,54487.179487179485,44752.58976040075
50,0,54487.179487179485,41002.53529176644
51,0,54487.179487179485,43944.76080339569
52,0,54487.179487179485,43259.97644017955
53,0,54487.179487179485,44349.17395284216
54,0,54487.179487179485,43789.89357762941
55,0,54487.179487179485,44489.35063661064
56,0,54487.179487179485,43163.51009280702
57,0,54487.179487179485,43162.9100533005
58,0,54487.179487179485,43121.6390601626
59,0,54487.179487179485,44288.06197210995
60,0,54487.179487179485,44086.17240509623
61,0,54487.179487179485,44439.8423982406
62,0,54487.179487179485,42342.649522458436
63,0,54487.179487179485,41072.087719564646
64,0,54487.179487179485,39612.43433028847
65,1,76694.13919413919,62245.24724085241
66,1,76694.13919413919,74175.73322228262
67,1,76694.13919413919,76518.95169655979
68,1,76694.13919413919,71290.36543225964
69,1,76694.13919413919,80079.04146828066
70,1,76694.13919413919,83261.43584659792
71,1,76694.13919413919,75443.55349058524
72,1,76694.13919413919,74789.54561967117
73,1,76694.13919413919,65651.41661141743
74,1,76465.20146520148,65632.98134974776
75,1,76694.13919413919,80082.17815001188
76,1,76694.13919413919,73453.48640106627
77,1,76694.13919413919,75290.10248884867
78,1,76465.20146520148,67638.74087249166
79,1,76694.13919413919,68607.1744843556
80,1,76694.13919413919,76235.44663547314
81,1,76694.13919413919,64398.89576941232
82,1,76694.13919413919,77742.23434148332
83,1,76694.13919413919,68395.416401807
84,1,76694.13919413919,71248.45175155766
85,1,76694.13919413919,72623.35963398861
86,1,76694.13919413919,76998.41744674477
87,1,76694.13919413919,75341.44027329708
88,1,76694.13919413919,84976.12269775743
89,1,76694.13919413919,78151.22125324655
90,1,76694.13919413919,67616.11946853396
91,1,76694.13919413919,67411.06992928019
92,1,76694.13919413919,80106.64305470104
93,1,76694.13919413919,77954.38693449754
94,1,76694.13919413919,78944.75742655806
95,1,76694.13919413919,57357.641235774725
96,1,76694.13919413919,77364.87855561782
97,1,76694.13919413919,82708.73774105946
98,1,76694.13919413919,81423.97338000943
99,1,76694.13919413919,79863.23383933907
100,1,76694.13919413919,73005.01141024395
101,1,76694.13919413919,76461.17409433192
102,1,76694.13919413919,65806.64307603345
103,1,76694.13919413919,71968.44669653062
104,1,76694.13919413919,82333.68572422917
105,1,76694.13919413919,81856.23006691036
106,1,76694.13919413919,73265.63543694376
107,1,76694.13919413919,72367.1515320889
108,1,76465.20146520148,59641.568041173654
109,1,76694.13919413919,61389.095490832915
110,1,76694.13919413919,61723.009130644976
111,1,76694.13919413919,66065.5475768264
112,1,76465.20146520148,62612.40604147194
113,1,76694.13919413919,66464.36746076556
114,1,76694.13919413919,77126.26691688692
115,1,76694.13919413919,77913.00879471375
116,1,76465.20146520148,61598.86154496175
117,1,76694.13919413919,67833.08698721278
118,1,76694.13919413919,62324.68318775398
119,1,76694.13919413919,68597.51291346441
120,1,76694.13919413919,79645.61408535106
121,1,76694.13919413919,82714.67689160294
122,1,76694.13919413919,71783.07405204907
123,1,76694.13919413919,79018.79728369895
124,1,76694.13919413919,68665.24981844949
125,1,76694.13919413919,71625.82071391589
126,1,76694.13919413919,68060.30400160988
127,1,76694.13919413919,79668.81230575245
128,1,76694.13919413919,77372.1449263943
129,1,76465.20146520148,68169.90044158902
130,1,76694.13919413919,77548.44920753138
131,1,76694.13919413919,79677.70015429953
132,1,76694.13919413919,77845.28855418228
133,1,76694.13919413919,60783.71178927727
134,1,76694.13919413919,74010.39595694438
135,1,76694.13919413919,57256.271921031876
136,1,76694.13919413919,76773.22335338789
137,0,54487.179487179485,43229.38803565303
138,0,54487.179487179485,42481.23643075103
139,0,54487.179487179485,43458.32045487841
140,0,54487.179487179485,41569.54259805313
141,0,54487.179487179485,43864.95950983234
142,0,54487.179487179485,44390.53595433404
143,0,54487.179487179485,44706.0176205823
144,0,54487.179487179485,44165.818105863815
145,0,54487.179487179485,42941.31593453834
146,0,54487.179487179485,44380.326767069186
147,0,54487.179487179485,40205.447059689235
148,0,54487.179487179485,42462.61987543595
149,0,54487.179487179485,43754.26776248028
150,0,54487.179487179485,44449.419428979185
151,0,54487.179487179485,42016.641354433516
152,0,54487.179487179485,43252.29649107257
153,0,54487.179487179485,43022.78406476983
154,0,54487.179487179485,44839.67921190489
155,0,54487.179487179485,44064.58847628053
156,0,54487.179487179485,43952.334684892965
157,0,54487.179487179485,44401.69971892318
158,0,54487.179487179485,45280.91613404472
159,0,54487.179487179485,43615.824394371084
160,0,54487.179487179485,42171.39003688678
161,0,54487.179487179485,41630.789610196094
162,0,54487.179487179485,45184.025676261845
163,0,54487.179487179485,43543.90335535122
164,0,54487.179487179485,44603.45089234372
165,0,54487.179487179485,43052.89032047308
166,0,54487.179487179485,44927.29495736952
167,0,54487.179487179485,44624.72533988092
168,0,54487.179487179485,43613.066112453445
169,0,54487.179487179485,43604.31662835745
170,0,54487.179487179485,43531.56227173771
171,0,54487.179487179485,44192.74174641576
172,0,54487.179487179485,43285.904578082154
173,0,54487.179487179485,43690.30490984736
174,0,54487.179487179485,42701.2279062486
175,0,54487.179487179485,42444.054256510724
176,0,54487.179487179485,42016.743015053646
177,0,54487.179487179485,43618.40501007485
178,0,54487.179487179485,42582.5587383816
179,0,54487.179487179485,44189.95159798881
180,0,54487.179487179485,42830.271502543605
181,0,54487.179487179485,43829.03815780209
182,0,54487.179487179485,44713.276842444706
183,0,54487.179487179485,44514.95823442848
184,0,54487.179487179485,43982.57609079636
185,0,54487.179487179485,42694.06332073272
186,0,54487.179487179485,44579.394434701004
187,0,54487.179487179485,42826.14008352987
188,0,54487.179487179485,43236.81304742707
189,0,54487.179487179485,42112.948010796616
190,0,54487.179487179485,41373.325450353994
191,0,54487.179487179485,43692.29397722046
192,0,54487.179487179485,44237.90804944152
193,0,54487.179487179485,44679.05371650217
194,0,54487.179487179485,41936.29547304493
195,0,54487.179487179485,44308.99769630553
196,0,54487.179487179485,42624.15066507122
197,0,54487.179487179485,42214.09291097691
198,0,54487.179487179485,43892.90171122424
199,0,54487.179487179485,43103.795836540965
200,0,54487.179487179485,42919.4869812029
201,1,76694.13919413919,63141.83615536353
202,1,76694.13919413919,77105.62382871631
203,1,76694.13919413919,71234.56360176235
204,1,76694.13919413919,72376.09220645227
205,1,76694.13919413919,71047.75823055158
206,1,76694.13919413919,62991.51208815114
207,1,76694.13919413919,70736.89667331625
208,1,76465.20146520148,61752.141550396176
209,1,76694.13919413919,63807.794985858076
210,1,76694.13919413919,71581.99128513463
211,1,76694.13919413919,76123.98728628909
212,1,76694.13919413919,82775.97055361985
213,1,76694.13919413919,63317.658917674504
214,1,76694.13919413919,64347.8151460705
215,1,76694.13919413919,68224.10385796972
216,1,76694.13919413919,75435.46573704167
217,1,76694.13919413919,84241.87697538262
218,1,76465.20146520148,64054.46302032437
219,1,76694.13919413919,68244.57609856181
220,1,76465.20146520148,65965.78486764725
221,1,76694.13919413919,70526.90510766978
222,1,76694.13919413919,65022.40076515697
223,1,76694.13919413919,78928.46703016432
224,1,76694.13919413919,81100.87310395003
225,1,76694.13919413919,64429.09182184114
226,1,76694.13919413919,79815.68551570518
227,1,76694.13919413919,70581.31775993638
228,1,76694.13919413919,73112.0178619471
229,1,76694.13919413919,61284.16187912763
230,1,76465.20146520148,60252.48783622093
231,1,76694.13919413919,61358.70336632535
232,1,76694.13919413919,78317.71815596502
233,1,76694.13919413919,76702.7328136401
234,1,76694.13919413919,80646.59056178032
235,1,76694.13919413919,63962.23425341256
236,1,76694.13919413919,71083.2465522929
237,1,76694.13919413919,63854.87439992938
238,1,76694.13919413919,77476.0911847894
239,1,76694.13919413919,77609.198505952
240,1,76694.13919413919,67361.33575383916
241,1,76694.13919413919,86263.25736775518
242,1,76694.13919413919,80060.77243459187
243,1,76694.13919413919,75432.59781202403
244,1,76694.13919413919,78961.69005077615
245,1,76694.13919413919,70148.74944392282
246,1,76694.13919413919,77783.4822394932
247,1,76694.13919413919,64190.56960784424
248,1,76694.13919413919,71779.36963860932
249,1,76694.13919413919,69839.41675276704
250,1,76694.13919413919,79230.37333129781
251,1,76465.20146520148,62230.451232512
252,1,76694.13919413919,72015.8363789987
253,1,76694.13919413919,71637.36378378035
254,1,76694.13919413919,76138.70476938758
255,1,76694.13919413919,67207.5003721866
256,1,76694.13919413919,71997.93739881355
Recorded Data
0000000000000000000000000000000000000000000000000000000000000000111111111111111111111111111111111111111111111111111111111111111111111111000000000000000000000000000000000000000000000000000000000000000011111111111111111111111111111111111111111111111111111111